13111	1506458859	-21.99171801	5.806644988	0.5
13112	1506458859	-22.029866	5.71586499	0.5
13113	1506458859	-22.062591	5.637990011	0.5
13114	1506458860	-22.09438101	5.562339976	0.5
13115	1506458860	-22.13196801	5.472894988	0.5
13116	1506458860	-22.16450601	5.395464976	0.5
13117	1506458860	-22.18855	5.316895007	0.5
13118	1506458860	-22.21710799	5.216833037	0.5
13119	1506458861	-22.23950899	5.138344035	0.5
13120	1506458861	-22.26937701	5.03369196	0.5
13121	1506458861	-22.295839	4.940974005	0.5
13122	1506458861	-22.311871	4.856829993	0.5
13123	1506458861	-22.325893	4.773039991	0.5
13124	1506458862	-22.342375	4.674550003	0.5
13125	1506458862	-22.356643	4.589289991	0.5
13126	1506458862	-22.37164901	4.499619949	0.5
13127	1506458862	-22.386557	4.401122996	0.5
13128	1506458862	-22.398041	4.305489018	0.5
13129	1506458862	-22.408191	4.220964041	0.5
13130	1506458863	-22.41816701	4.137887959	0.5
13131	1506458863	-22.42843299	4.052397052	0.5
13132	1506458863	-22.438467	3.968838005	0.5
13133	1506458863	-22.443747	3.871818007	0.5
13134	1506458863	-22.448117	3.762797998	0.5
13135	1506458864	-22.451385	3.68127003	0.5
13136	1506458864	-22.45509	3.588839949	0.5
13137	1506458864	-22.458396	3.50636405	0.5
13138	1506458864	-22.460105	3.42487005	0.5
13139	1506458864	-22.461115	3.328313982	0.5
13140	1506458864	-22.462	3.24370796	0.5
13141	1506458865	-22.46293	3.154800022	0.5
13142	1506458865	-22.46379	3.072584054	0.5
13143	1506458865	-22.464935	2.989530008	0.5
13144	1506458865	-22.468412	2.898761965	0.5
13145	1506458865	-22.471661	2.813945963	0.5
13146	1506458866	-22.475499	2.713754011	0.5
13147	1506458866	-22.478786	2.627945963	0.5
13148	1506458866	-22.482035	2.543129961	0.5
13149	1506458866	-22.485011	2.460042961	0.5
13150	1506458866	-22.488083	2.368459002	0.5
13151	1506458866	-22.490819	2.286892001	0.5
13152	1506458867	-22.493555	2.205324999	0.5
13153	1506458867	-22.496291	2.123757997	0.5
13154	1506458867	-22.499043	2.041714029	0.5
13155	1506458867	-22.499138	1.964178027	0.5
13156	1506458867	-22.498625	1.887570024	0.5
13157	1506458867	-22.4981	1.809170046	0.5
13158	1506458868	-22.497407	1.705681963	0.5
13159	1506458868	-22.496861	1.624145998	0.5
13160	1506458868	-22.497325	1.549540026	0.5
13161	1506458868	-22.500042	1.447529036	0.5
13162	1506458868	-22.501967	1.375253957	0.5
13163	1506458869	-22.503859	1.304217985	0.5
13164	1506458869	-22.50574	1.233594984	0.5
13165	1506458869	-22.507536	1.159958984	0.5
13166	1506458869	-22.50731	1.094645033	0.5
13167	1506458869	-22.507102	1.034532979	0.5
13168	1506458870	-22.506928	0.984246972	0.5
13169	1506458870	-22.506757	0.934827971	0.5
13170	1506458870	-22.506567	0.879918024	0.5
13171	1506458870	-22.508085	0.838709982	0.5
13172	1506458870	-22.509624	0.800747981	0.5
13173	1506458871	-22.511487	0.754793977	0.5
13174	1506458871	-22.513053	0.716166025	0.5
13175	1506458871	-22.514601	0.677981988	0.5
13176	1506458871	-22.517592	0.63737802	0.5
13177	1506458871	-22.521267	0.606577986	0.5
13178	1506458871	-22.524879	0.576305998	0.5
13179	1506458872	-22.528554	0.545506007	0.5
13180	1506458872	-22.532145	0.515410006	0.5
13181	1506458872	-22.535736	0.485314005	0.5
13182	1506458872	-22.53815	0.456845002	0.5
13183	1506458872	-22.540031	0.431366001	0.5
13184	1506458872	-22.542033	0.404248013	0.5
13185	1506458873	-22.544046	0.376981	0.5
13186	1506458873	-22.545971	0.350906007	0.5
13187	1506458873	-22.548905	0.322295012	0.5
13188	1506458873	-22.557555	0.276449987	0.5
13189	1506458873	-22.566105	0.231134986	0.5
13190	1506458874	-22.574705	0.185555004	0.5
13191	1506458874	-22.58680501	0.121424977	0.5
13192	1506458874	-22.595555	0.075049989	0.5
13193	1506458874	-22.609572	-0.013562012	0.5
13194	1506458874	-22.62134501	-0.089990042	0.5
13195	1506458875	-22.631837	-0.158102015	0.5
13196	1506458875	-22.642329	-0.226213988	0.5
13197	1506458875	-22.65282099	-0.294325961	0.5
13198	1506458875	-22.663305	-0.366700011	0.5
13199	1506458875	-22.673305	-0.440700029	0.5
13200	1506458875	-22.682055	-0.505450012	0.5
13201	1506458876	-22.692405	-0.582040018	0.5
13202	1506458876	-22.701155	-0.646790001	0.5
13203	1506458876	-22.710067	-0.711971982	0.5
13204	1506458876	-22.72081901	-0.78608404	0.5
13205	1506458876	-22.730731	-0.854405966	0.5
13206	1506458877	-22.740419	-0.921184003	0.5
13207	1506458877	-22.75122701	-0.995682034	0.5
13208	1506458877	-22.761195	-1.064390023	0.5
13209	1506458877	-22.77280399	-1.12981197	0.5
13210	1506458877	-22.788134	-1.208351984	0.5
13211	1506458878	-22.804851	-1.293998018	0.5
13212	1506458878	-22.81747999	-1.358699965	0.5
13213	1506458878	-22.830109	-1.423402002	0.5
13214	1506458878	-22.842884	-1.488413984	0.5
13215	1506458878	-22.855367	-1.551341985	0.5
13216	1506458879	-22.875004	-1.650334005	0.5
13217	1506458879	-22.88792501	-1.715470022	0.5
13218	1506458879	-22.900992	-1.781341986	0.5
13219	1506458879	-22.919883	-1.868875981	0.5
13220	1506458879	-22.93537101	-1.934172025	0.5
13221	1506458879	-22.95059499	-1.998354972	0.5
13222	1506458880	-22.965819	-2.062538009	0.5
13223	1506458880	-22.980955	-2.126349984	0.5
13224	1506458880	-23.00667499	-2.226659976	0.5
13225	1506458880	-23.03010701	-2.302006029	0.5
13226	1506458880	-23.05017499	-2.366534976	0.5
13227	1506458881	-23.076739	-2.45195201	0.5
13228	1506458881	-23.09715499	-2.517599965	0.5
13229	1506458881	-23.116855	-2.581784002	0.5
13230	1506458881	-23.137255	-2.654816	0.5
13231	1506458881	-23.15495501	-2.718182016	0.5
13232	1506458882	-23.17235501	-2.780474026	0.5
13233	1506458882	-23.19305501	-2.854580032	0.5
13234	1506458882	-23.210555	-2.917230015	0.5
13235	1506458882	-23.22863101	-2.980051038	0.5
13236	1506458882	-23.247215	-3.044085007	0.5
13237	1506458883	-23.26349901	-3.100194021	0.5
13238	1506458883	-23.279323	-3.154718	0.5
13239	1506458883	-23.29735501	-3.216850031	0.5
13240	1506458883	-23.311098	-3.268492975	0.5
13241	1506458883	-23.32142301	-3.313818025	0.5
13242	1506458883	-23.33168901	-3.358884032	0.5
13243	1506458884	-23.34201401	-3.40420902	0.5
13244	1506458884	-23.352221	-3.449015982	0.5
13245	1506458884	-23.362428	-3.493823008	0.5
13246	1506458884	-23.37785501	-3.544450024	0.5
13247	1506458884	-23.39212299	-3.587253972	0.5
13248	1506458884	-23.40622701	-3.629566014	0.5
13249	1506458885	-23.422955	-3.679750012	0.5
13250	1506458885	-23.437305	-3.722800001	0.5
13251	1506458885	-23.45307501	-3.768574031	0.5
13252	1506458885	-23.47297	-3.822722986	0.5
13253	1506458885	-23.49838499	-3.891895973	0.5
13254	1506458886	-23.52196001	-3.956061024	0.5
13255	1506458886	-23.54185499	-4.010209979	0.5
13256	1506458886	-23.561865	-4.064671988	0.5
13257	1506458886	-23.58209401	-4.121994019	0.5
13258	1506458886	-23.60748301	-4.194038021	0.5
13259	1506458887	-23.62784101	-4.25180603	0.5
13260	1506458887	-23.64808199	-4.309241983	0.5
13261	1506458887	-23.673471	-4.381285986	0.5
13262	1506458887	-23.694805	-4.442675001	0.5
13263	1506458887	-23.716033	-4.50409701	0.5
13264	1506458887	-23.73762701	-4.566578026	0.5
13265	1506458888	-23.759831	-4.630823999	0.5
13266	1506458888	-23.781059	-4.692246007	0.5
13267	1506458888	-23.80922301	-4.775690035	0.5
13268	1506458888	-23.82833899	-4.835869969	0.5
13269	1506458888	-23.84713099	-4.895029978	0.5
13270	1506458889	-23.868407	-4.962009987	0.5
13271	1506458889	-23.887523	-5.022190003	0.5
13272	1506458889	-23.90620701	-5.081010035	0.5
13273	1506458889	-23.927923	-5.150918013	0.5
13274	1506458889	-23.94774701	-5.21499203	0.5
13275	1506458890	-23.96723501	-5.277980039	0.5
13276	1506458890	-23.99120301	-5.355448034	0.5
13277	1506458890	-24.01069101	-5.418436043	0.5
13278	1506458890	-24.02799001	-5.473570025	0.5
13279	1506458890	-24.05209199	-5.548553971	0.5
13280	1506458890	-24.072801	-5.612981987	0.5
13281	1506458891	-24.09304201	-5.675954023	0.5
13282	1506458891	-24.11691001	-5.750210022	0.5
13283	1506458891	-24.13761901	-5.814638038	0.5
13284	1506458891	-24.15555501	-5.876540028	0.5
13285	1506458891	-24.17285499	-5.936570978	0.5
13286	1506458892	-24.190255	-5.996948987	0.5
13287	1506458892	-24.207655	-6.057326996	0.5
13288	1506458892	-24.22495501	-6.117358029	0.5
13289	1506458892	-24.24117701	-6.174316028	0.5
13290	1506458892	-24.253528	-6.220319003	0.5
13291	1506458892	-24.26725899	-6.271461972	0.5
